# territory ids to search for propid.
# list of all territories.
101
102
103
104
105
106
107
108
109
110
111
112
113
114
115
116
117
118
119
120
121
122
123
124
125
126
127
128
130
131
132
135
136
137
138
139
140
141
201
202
203
204
205
206
207
208
210
213
214
215
216
219
220
221
222
224
225
228
229
232
233
234
254
255
256
257
258
259
260
266
267
270
271
272
273
274
275
280
281
282
284
286
287
288
289
290
301
302
303
304
305
306
307
308
309
310
311
312
313
314
315
316
611
642
647
998
# end list of all territories.
# end of list
