# TerrID list of affected territories 3/19/22 SC download.
102
103
104
105
107
108
109
110
111
113
115
116
118
119
120
121
122
123
124
125
126
127
128
129
130
131
132
135
137
138
139
140
141
201
202
203
205
206
207
209
213
215
216
217
218
220
222
228
229
230
232
233
254
255
256
259
260
265
266
270
271
274
275
277
284
286
289
290
301
302
303
304
305
306
308
309
310
311
313
315
316
603
604
605
607
609
612
613
614
615
617
621
622
624
627
628
630
633
634
635
636
642
646
# end of TIDList for 3/19/22 SC download.
