289
108
109
110
111
112
113
114
115
128
129
130
131
135
137
138
139
140
141
202
203
204
205
206
207
208
209
215
216
217
218
219
220
221
222
223
224
225
226
227
228
229
230
232
233
234
235
236
237
238
239
240
241
242
243
244
245
246
247
248
249
250
261
263
271
272
273
276
280
281
282
284
286
288
289
290
291
301
302
303
304
305
306
307
308
309
310
311
312
313
314
315
316
317
318
319
320
601
602
603
604
605
606
607
608
609
610
611
612
613
614
615
616
617
618
619
620
621
622
623
624
625
626
627
628
629
630
631
632
633
634
635
636
637
638
639
640
642
643
644
645
646
647
108
109
110
111
112
113
114
115
128
129
130
131
135
137
138
139
140
141
202
203
204
205
206
207
208
209
215
216
217
218
219
220
221
222
223
224
225
226
227
228
229
230
232
233
234
235
236
237
238
239
240
241
242
243
244
245
246
247
248
249
250
261
263
271
272
273
276
280
281
282
284
286
288
289
290
291
301
302
303
304
305
306
307
308
309
310
311
312
313
314
315
316
317
318
319
320
601
602
603
604
605
606
607
608
609
610
611
612
613
614
615
616
617
618
619
620
621
622
623
624
625
626
627
628
629
630
631
632
633
634
635
636
637
638
639
640
642
643
644
645
646
647
