0385050001
0385050023
0385120024
0385120030
0385050020
0385040012
0385040013
0385120009
0385120013
$
0404150021
0404150022
0404150023
0404100001
0404070030
0404080017
0404080049
0404070035
#
0404070029
0404070027
0404100028
0404020017
$
0404080025
0404080041
0404080034
0404080035
#
0409020025
0404150016
0404100014
#
0404150017
0404150020
#
0404070012
0404070016
$
0409070036
0409070040
0409070041
$
0409070023
0409020016
0409040004
0409070029
0409070031
0409070011
0409070007
0409070003
0409020009
0409020010
0409020038
0409020013
0409020036
0409020040
0409020041
$
